48.1245 1.51399 32.5933  0.728999 -0.196116 0.655819  0.1458 0.980581 0.131164  0.5534 0.433896  16.6936
46.9477 1.53398 37.1852  -0.597356 -0.196116 -0.777628  -0.119471 0.980581 -0.155526  0.5534 0.433896  14.9895
42.0099 1.5371 42.8501  -0.465122 -0.196116 -0.86325  -0.0930244 0.980581 -0.17265  0.5534 0.433896  14.63
47.7013 1.51697 35.3771  0.843558 -0.196116 -0.499948  0.168712 0.980581 -0.0999895  0.5534 0.433896  14.4758
51.5005 1.58372 33.5307  -0.664727 -0.196116 0.720886  -0.132945 0.980581 0.144177  0.5534 0.433896  13.6412
43.3661 1.54768 35.1875  0.496894 -0.196116 -0.845361  0.0993787 0.980581 -0.169072  0.5534 0.433896  13.2183
41.5509 1.56119 40.0349  -0.597226 -0.196116 0.777727  -0.119445 0.980581 0.155545  0.5534 0.433896  12.428
45.7002 1.51833 41.0958  -0.769944 -0.196116 0.607227  -0.153989 0.980581 0.121445  0.5534 0.433896  12.3476
49.1191 1.56174 37.011  -0.269812 -0.196116 -0.94273  -0.0539624 0.980581 -0.188546  0.5534 0.433896  12.0346
40.0673 1.56391 39.5326  0.438946 -0.196116 0.876849  0.0877892 0.980581 0.17537  0.5534 0.433896  11.6221
49.99 1.52851 39.3121  0.27759 -0.196116 0.940469  0.0555179 0.980581 0.188094  0.5534 0.433896  11.1591
45.1227 1.52093 40.8314  0.0890334 -0.196116 0.97653  0.0178067 0.980581 0.195306  0.5534 0.433896  11.1035
48.2806 1.50092 43.5381  0.870647 -0.196116 -0.451123  0.174129 0.980581 -0.0902246  0.5534 0.433896  11.0313
47.6094 1.53001 33.077  -0.978002 -0.196116 0.0710615  -0.1956 0.980581 0.0142123  0.5534 0.433896  10.7914
51.265 1.58985 39.1741  -0.152391 -0.196116 0.968667  -0.0304782 0.980581 0.193733  0.5534 0.433896  10.5821
42.9183 1.54538 32.4618  0.59691 -0.196116 0.77797  0.119382 0.980581 0.155594  0.5534 0.433896  10.5176
38.623 1.58196 43.4409  0.930816 -0.196116 -0.308415  0.186163 0.980581 -0.0616831  0.5534 0.433896  10.2944
46.5154 1.57011 43.306  -0.937909 -0.196116 -0.286121  -0.187582 0.980581 -0.0572242  0.5534 0.433896  9.87509
50.6846 1.50818 42.0723  -0.978392 -0.196116 -0.0654843  -0.195678 0.980581 -0.0130969  0.5534 0.433896  8.38206
44.5659 1.51496 43.2297  0.976387 -0.196116 -0.090591  0.195277 0.980581 -0.0181182  0.5534 0.433896  8.14787
43.4923 1.50161 38.7309  0.980547 -0.196116 -0.00815558  0.196109 0.980581 -0.00163112  0.5534 0.433896  6.29157
43.4191 1.56936 38.4418  0.978974 -0.196116 0.0561145  0.195795 0.980581 0.0112229  0.5534 0.433896  6.06843
46.9092 1.59529 38.7715  -0.679279 -0.196116 -0.70719  -0.135856 0.980581 -0.141438  0.5534 0.433896  4.96981
